005051
005052
005053
005054
005055
005056
005057
005058
005059
005060
005061
005062
005063
005064
005065
005066
005067
005068
005069
005070
005071
005072
005073
005074
005075
005076
005077
005078
005079
005080
005081
005082
005083
005084
005085
005086
005087
005088
005089
005090
005091
005092
005093
005094
005095
005096
005097
005098
005099
005100
005101
005102
005103
005104
005105
005106
005107
005108
005109
005110
005111
005112
005113
005114
005115
005116
005117
005118
005119
005120
005121
005122
005123
005124
005125
005126
005127
005128
005129
005130
005131
005132
005133
005134
005135
005136
005137
005138
005139
005140
005141
005142
005143
005144
005145
005146
005147
005148
005149
005150
005151
005152
005153
005154
005155
005156
005157
005158
005159
005160
005161
005162
005163
005164
005165
005166
005167
005168
005169
005170
005171
005172
005173
005174
005175
005176
005177
005178
005179
005180
005181
005182
005183
005184
005185
005186
005187
005188
005189
005190
005191
005192
005193
005194
005195
005196
005197
005198
005199
005200
005201
005202
005203
005204
005205
005206
005207
005208
005209
005210
005211
005212
005213
005214
005215
005216
005217
005218
005219
005220
005221
005222
005223
005224
005225
005226
005227
005228
005229
005230
005231
005232
005233
005234
005235
005236
005237
005238
005239
005240
005241
005242
005243
005244
005245
005246
005247
005248
005249
005250
005251
005252
005253
005254
005255
005256
005257
005258
005259
005260
005261
005262
005263
005264
005265
005266
005267
005268
005269
005270
005271
005272
005273
005274
005275
005276
005277
005278
005279
005280
005281
005282
005283
005284
005285
005286
005287
005288
005289
005290
005291
005292
005293
005294
005295
005296
005297
005298
005299
005300
005301
005302
005303
005304
005305
005306
005307
005308
005309
005310
005311
005312
005313
005314
005315
005316
005317
005318
005319
005320
005321
005322
005323
005324
005325
005326
005327
005328
005329
005330
005331
005332
005333
005334
005335
005336
005337
005338
005339
005340
005341
005342
005343
005344
005345
005346
005347
005348
005349
005350
005351
005352
005353
005354
005355
005356
005357
005358
005359
005360
005361
005362
005363
005364
005365
005366
005367
005368
005369
005370
005371
005372
005373
005374
005375
005376
005377
005378
005379
005380
005381
005382
005383
005384
005385
005386
005387
005388
005389
005390
005391
005392
005393
005394
005395
005396
005397
005398
005399
005400
005401
005402
005403
005404
005405
005406
005407
005408
005409
005410
005411
005412
005413
005414
005415
005416
005417
005418
005419
005420
005421
005422
005423
005424
005425
005426
005427
005428
005429
005430
005431
005432
005433
005434
005435
005436
005437
005438
005439
005440
005441
005442
005443
005444
005445
005446
005447
005448
005449
005450
005451
005452
005453
005454
005455
005456
005457
005458
005459
005460
005461
005462
005463
005464
005465
005466
005467
005468
005469
005470
005471
005472
005473
005474
005475
005476
005477
005478
005479
005480
005481
005482
005483
005484
005485
005486
005487
005488
005489
005490
005491
005492
005493
005494
005495
005496
005497
005498
005499
005500
005501
005502
005503
005504
005505
005506
005507
005508
005509
005510
005511
005512
005513
005514
005515
005516
005517
005518
005519
005520
005521
005522
005523
005524
005525
005526
005527
005528
005529
005530
005531
005532
005533
005534
005535
005536
005537
005538
005539
005540
005541
005542
005543
005544
005545
005546
005547
005548
005549
005550
005551
005552
005553
005554
005555
005556
005557
005558
005559
005560
005561
005562
005563
005564
005565
005566
005567
005568
005569
005570
005571
005572
005573
005574
005575
005576
005577
005578
005579
005580
005581
005582
005583
005584
005585
005586
005587
005588
005589
005590
005591
005592
005593
005594
005595
005596
005597
005598
005599
005600
005601
005602
005603
005604
005605
005606
005607
005608
005609
005610
005611
005612
005613
005614
005615
005616
005617
005618
005619
005620
005621
005622
005623
005624
005625
005626
005627
005628
005629
005630
005631
005632
005633
005634
005635
005636
005637
005638
005639
005640
005641
005642
005643
005644
005645
005646
005647
005648
005649
005650
005651
005652
005653
005654
005655
005656
005657
005658
005659
005660
005661
005662
005663
005664
005665
005666
005667
005668
005669
005670
005671
005672
005673
005674
005675
005676
005677
005678
005679
005680
005681
005682
005683
005684
005685
005686
005687
005688
005689
005690
005691
005692
005693
005694
005695
005696
005697
005698
005699
005700
005701
005702
005703
005704
005705
005706
005707
005708
005709
005710
005711
005712
005713
005714
005715
005716
005717
005718
005719
005720
005721
005722
005723
005724
005725
005726
005727
005728
005729
005730
005731
005732
005733
005734
005735
005736
005737
005738
005739
005740
005741
005742
005743
005744
005745
005746
005747
005748
005749
005750
005751
005752
005753
005754
005755
005756
005757
005758
005759
005760
005761
005762
005763
005764
005765
005766
005767
005768
005769
005770
005771
005772
005773
005774
005775
005776
005777
005778
005779
005780
005781
005782
005783
005784
005785
005786
005787
005788
005789
005790
005791
005792
005793
005794
005795
005796
005797
005798
005799
005800
005801
005802
005803
005804
005805
005806
005807
005808
005809
005810
005811
005812
005813
005814
005815
005816
005817
005818
005819
005820
005821
005822
005823
005824
005825
005826
005827
005828
005829
005830
005831
005832
005833
005834
005835
005836
005837
005838
005839
005840
005841
005842
005843
005844
005845
005846
005847
005848
005849
005850
005851
005852
005853
005854
005855
005856
005857
005858
005859
005860
005861
005862
005863
005864
005865
005866
005867
005868
005869
005870
005871
005872
005873
005874
005875
005876
005877
005878
005879
005880
005881
005882
005883
005884
005885
005886
005887
005888
005889
005890
005891
005892
005893
005894
005895
005896
005897
005898
005899
005900
005901
005902
005903
005904
005905
005906
005907
005908
005909
005910
005911
005912
005913
005914
005915
005916
005917
005918
005919
005920
005921
005922
005923
005924
005925
005926
005927
005928
005929
005930
005931
005932
005933
005934
005935
005936
005937
005938
005939
005940
005941
005942
005943
005944
005945
005946
005947
005948
005949
005950
005951
005952
005953
005954
005955
005956
005957
005958
005959
005960
005961
005962
005963
005964
005965
005966
005967
005968
005969
005970
005971
005972
005973
005974
005975
005976
005977
005978
005979
005980
005981
005982
005983
005984
005985
005986
005987
005988
005989
005990
005991
005992
005993
005994
005995
005996
005997
005998
005999
006000
006001
006002
006003
006004
006005
006006
006007
006008
006009
006010
006011
006012
006013
006014
006015
006016
006017
006018
006019
006020
006021
006022
006023
006024
006025
006026
006027
006028
006029
006030
006031
006032
006033
006034
006035
006036
006037
006038
006039
006040
006041
006042
006043
006044
006045
006046
006047
006048
006049
006050
006051
006052
006053
006054
006055
006056
006057
006058
006059
006060
006061
006062
006063
006064
006065
006066
006067
006068
006069
006070
006071
006072
006073
006074
006075
006076
006077
006078
006079
006080
006081
006082
006083
006084
006085
006086
006087
006088
006089
006090
006091
006092
006093
006094
006095
006096
006097
006098
006099
006100
006101
006102
006103
006104
006105
006106
006107
006108
006109
006110
006111
006112
006113
006114
006115
006116
006117
006118
006119
006120
006121
006122
006123
006124
006125
006126
006127
006128
006129
006130
006131
006132
006133
006134
006135
006136
006137
006138
006139
006140
006141
006142
006143
006144
006145
006146
006147
006148
006149
006150
006151
006152
006153
006154
006155
006156
006157
006158
006159
006160
006161
006162
006163
006164
006165
006166
006167
006168
006169
006170
006171
006172
006173
006174
006175
006176
006177
006178
006179
006180
006181
006182
006183
006184
006185
006186
006187
006188
006189
006190
006191
006192
006193
006194
006195
006196
006197
006198
006199
006200
006201
006202
006203
006204
006205
006206
006207
006208
006209
006210
006211
006212
006213
006214
006215
006216
006217
006218
006219
006220
006221
006222
006223
006224
006225
006226
006227
006228
006229
006230
006231
006232
006233
006234
006235
006236
006237
006238
006239
006240
006241
006242
006243
006244
006245
006246
006247
006248
006249
006250
006251
006252
006253
006254
006255
006256
006257
006258
006259
006260
006261
006262
006263
006264
006265
006266
006267
006268
006269
006270
006271
006272
006273
006274
006275
006276
006277
006278
006279
006280
006281
006282
006283
006284
006285
006286
006287
006288
006289
006290
006291
006292
006293
006294
006295
006296
006297
006298
006299
006300
006301
006302
006303
006304
006305
006306
006307
006308
006309
006310
006311
006312
006313
006314
006315
006316
006317
006318
006319
006320
006321
006322
006323
006324
006325
006326
006327
006328
006329
006330
006331
006332
006333
006334
006335
006336
006337
006338
006339
006340
006341
006342
006343
006344
006345
006346
006347
006348
006349
006350
006351
006352
006353
006354
006355
006356
006357
006358
006359
006360
006361
006362
006363
006364
006365
006366
006367
006368
006369
006370
006371
006372
006373
006374
006375
006376
006377
006378
006379
006380
006381
006382
006383
006384
006385
006386
006387
006388
006389
006390
006391
006392
006393
006394
006395
006396
006397
006398
006399
006400
006401
006402
006403
006404
006405
006406
006407
006408
006409
006410
006411
006412
006413
006414
006415
006416
006417
006418
006419
006420
006421
006422
006423
006424
006425
006426
006427
006428
006429
006430
006431
006432
006433
006434
006435
006436
006437
006438
006439
006440
006441
006442
006443
006444
006445
006446
006447
006448
006449
006450
006451
006452
006453
006454
006455
006456
006457
006458
006459
006460
006461
006462
006463
006464
006465
006466
006467
006468
006469
006470
006471
006472
006473
006474
006475
006476
006477
006478
006479
006480
006481
006482
006483
006484
006485
006486
006487
006488
006489
006490
006491
006492
006493
006494
006495
006496
006497
006498
006499
006500
006501
006502
006503
006504
006505
006506
006507
006508
006509
006510
006511
006512
006513
006514
006515
006516
006517
006518
006519
006520
006521
006522
006523
006524
006525
006526
006527
006528
006529
006530
006531
006532
006533
006534
006535
006536
006537
006538
006539
006540
006541
006542
006543
006544
006545
006546
006547
006548
006549
006550
006551
006552
006553
006554
006555
006556
006557
006558
006559
006560
006561
006562
006563
006564
006565
006566
006567
006568
006569
006570
006571
006572
006573
006574
006575
006576
006577
006578
006579
006580
006581
006582
006583
006584
006585
006586
006587
006588
006589
006590
006591
006592
006593
006594
006595
006596
006597
006598
006599
006600
006601
006602
006603
006604
006605
006606
006607
006608
006609
006610
006611
006612
006613
006614
006615
006616
006617
006618
006619
006620
006621
006622
006623
006624
006625
006626
006627
006628
006629
006630
006631
006632
006633
006634
006635
006636
006637
006638
006639
006640
006641
006642
006643
006644
006645
006646
006647
006648
006649
006650
006651
006652
006653
006654
006655
006656
006657
006658
006659
006660
006661
006662
006663
006664
006665
006666
006667
006668
006669
006670
006671
006672
006673
006674
006675
006676
006677
006678
006679
006680
006681
006682
006683
006684
006685
006686
006687
006688
006689
006690
006691
006692
006693
006694
006695
006696
006697
006698
006699
006700
006701
006702
006703
006704
006705
006706
006707
006708
006709
006710
006711
006712
006713
006714
006715
006716
006717
006718
006719
006720
006721
006722
006723
006724
006725
006726
006727
006728
006729
006730
006731
006732
006733
006734
006735
006736
006737
006738
006739
006740
006741
006742
006743
006744
006745
006746
006747
006748
006749
006750
006751
006752
006753
006754
006755
006756
006757
006758
006759
006760
006761
006762
006763
006764
006765
006766
006767
006768
006769
006770
006771
006772
006773
006774
006775
006776
006777
006778
006779
006780
006781
006782
006783
006784
006785
006786
006787
006788
006789
006790
006791
006792
006793
006794
006795
006796
006797
006798
006799
006800
006801
006802
006803
006804
006805
006806
006807
006808
006809
006810
006811
006812
006813
006814
006815
006816
006817
006818
006819
006820
006821
006822
006823
006824
006825
006826
006827
006828
006829
006830
006831
006832
006833
006834
006835
006836
006837
006838
006839
006840
006841
006842
006843
006844
006845
006846
006847
006848
006849
006850
006851
006852
006853
006854
006855
006856
006857
006858
006859
006860
006861
006862
006863
006864
006865
006866
006867
006868
006869
006870
006871
006872
006873
006874
006875
006876
006877
006878
006879
006880
006881
006882
006883
006884
006885
006886
006887
006888
006889
006890
006891
006892
006893
006894
006895
006896
006897
006898
006899
006900
006901
006902
006903
006904
006905
006906
006907
006908
006909
006910
006911
006912
006913
006914
006915
006916
006917
006918
006919
006920
006921
006922
006923
006924
006925
006926
006927
006928
006929
006930
006931
006932
006933
006934
006935
006936
006937
006938
006939
006940
006941
006942
006943
006944
006945
006946
006947
006948
006949
006950
006951
006952
006953
006954
006955
006956
006957
006958
006959
006960
006961
006962
006963
006964
006965
006966
006967
006968
006969
006970
006971
006972
006973
006974
006975
006976
006977
006978
006979
006980
006981
006982
006983
006984
006985
006986
006987
006988
006989
006990
006991
006992
006993
006994
006995
006996
006997
006998
006999
007000
007001
007002
007003
007004
007005
007006
007007
007008
007009
007010
007011
007012
007013
007014
007015
007016
007017
007018
007019
007020
007021
007022
007023
007024
007025
007026
007027
007028
007029
007030
007031
007032
007033
007034
007035
007036
007037
007038
007039
007040
007041
007042
007043
007044
007045
007046
007047
007048
007049
007050
007051
007052
007053
007054
007055
007056
007057
007058
007059
007060
007061
007062
007063
007064
007065
007066
007067
007068
007069
007070
007071
007072
007073
007074
007075
007076
007077
007078
007079
007080
007081
007082
007083
007084
007085
007086
007087
007088
007089
007090
007091
007092
007093
007094
007095
007096
007097
007098
007099
007100
007101
007102
007103
007104
007105
007106
007107
007108
007109
007110
007111
007112
007113
007114
007115
007116
007117
007118
007119
007120
007121
007122
007123
007124
007125
007126
007127
007128
007129
007130
007131
007132
007133
007134
007135
007136
007137
007138
007139
007140
007141
007142
007143
007144
007145
007146
007147
007148
007149
007150
007151
007152
007153
007154
007155
007156
007157
007158
007159
007160
007161
007162
007163
007164
007165
007166
007167
007168
007169
007170
007171
007172
007173
007174
007175
007176
007177
007178
007179
007180
007181
007182
007183
007184
007185
007186
007187
007188
007189
007190
007191
007192
007193
007194
007195
007196
007197
007198
007199
007200
007201
007202
007203
007204
007205
007206
007207
007208
007209
007210
007211
007212
007213
007214
007215
007216
007217
007218
007219
007220
007221
007222
007223
007224
007225
007226
007227
007228
007229
007230
007231
007232
007233
007234
007235
007236
007237
007238
007239
007240
007241
007242
007243
007244
007245
007246
007247
007248
007249
007250
007251
007252
007253
007254
007255
007256
007257
007258
007259
007260
007261
007262
007263
007264
007265
007266
007267
007268
007269
007270
007271
007272
007273
007274
007275
007276
007277
007278
007279
007280
007281
007282
007283
007284
007285
007286
007287
007288
007289
007290
007291
007292
007293
007294
007295
007296
007297
007298
007299
007300
007301
007302
007303
007304
007305
007306
007307
007308
007309
007310
007311
007312
007313
007314
007315
007316
007317
007318
007319
007320
007321
007322
007323
007324
007325
007326
007327
007328
007329
007330
007331
007332
007333
007334
007335
007336
007337
007338
007339
007340
007341
007342
007343
007344
007345
007346
007347
007348
007349
007350
007351
007352
007353
007354
007355
007356
007357
007358
007359
007360
007361
007362
007363
007364
007365
007366
007367
007368
007369
007370
007371
007372
007373
007374
007375
007376
007377
007378
007379
007380
007381
007382
007383
007384
007385
007386
007387
007388
007389
007390
007391
007392
007393
007394
007395
007396
007397
007398
007399
007400
007401
007402
007403
007404
007405
007406
007407
007408
007409
007410
007411
007412
007413
007414
007415
007416
007417
007418
007419
007420
007421
007422
007423
007424
007425
007426
007427
007428
007429
007430
007431
007432
007433
007434
007435
007436
007437
007438
007439
007440
007441
007442
007443
007444
007445
007446
007447
007448
007449
007450
007451
007452
007453
007454
007455
007456
007457
007458
007459
007460
007461
007462
007463
007464
007465
007466
007467
007468
007469
007470
007471
007472
007473
007474
007475
007476
007477
007478
007479
007480
007481
007482
007483
007484
007485
007486
007487
007488
007489
007490
007491
007492
007493
007494
007495
007496
007497
007498
007499
007500
007501
007502
007503
007504
007505
007506
007507
007508
007509
007510
007511
007512
007513
007514
007515
007516
007517
007518
007519
007520
007521
007522
007523
007524
007525
007526
007527
007528
007529
007530
007531
007532
007533
007534
007535
007536
007537
007538
007539
007540
007541
007542
007543
007544
007545
007546
007547
007548
007549
007550
007551
007552
007553
007554
007555
007556
007557
007558
007559
007560
007561
007562
007563
007564
007565
007566
007567
007568
007569
007570
007571
007572
007573
007574
007575
007576
007577
007578
007579
007580
007581
007582
007583
007584
007585
007586
007587
007588
007589
007590
007591
007592
007593
007594
007595
007596
007597
007598
007599
007600
007601
007602
007603
007604
007605
007606
007607
007608
007609
007610
007611
007612
007613
007614
007615
007616
007617
007618
007619
007620
007621
007622
007623
007624
007625
007626
007627
007628
007629
007630
007631
007632
007633
007634
007635
007636
007637
007638
007639
007640
007641
007642
007643
007644
007645
007646
007647
007648
007649
007650
007651
007652
007653
007654
007655
007656
007657
007658
007659
007660
007661
007662
007663
007664
007665
007666
007667
007668
007669
007670
007671
007672
007673
007674
007675
007676
007677
007678
007679
007680
007681
007682
007683
007684
007685
007686
007687
007688
007689
007690
007691
007692
007693
007694
007695
007696
007697
007698
007699
007700
007701
007702
007703
007704
007705
007706
007707
007708
007709
007710
007711
007712
007713
007714
007715
007716
007717
007718
007719
007720
007721
007722
007723
007724
007725
007726
007727
007728
007729
007730
007731
007732
007733
007734
007735
007736
007737
007738
007739
007740
007741
007742
007743
007744
007745
007746
007747
007748
007749
007750
007751
007752
007753
007754
007755
007756
007757
007758
007759
007760
007761
007762
007763
007764
007765
007766
007767
007768
007769
007770
007771
007772
007773
007774
007775
007776
007777
007778
007779
007780
007781
007782
007783
007784
007785
007786
007787
007788
007789
007790
007791
007792
007793
007794
007795
007796
007797
007798
007799
007800
007801
007802
007803
007804
007805
007806
007807
007808
007809
007810
007811
007812
007813
007814
007815
007816
007817
007818
007819
007820
007821
007822
007823
007824
007825
007826
007827
007828
007829
007830
007831
007832
007833
007834
007835
007836
007837
007838
007839
007840
007841
007842
007843
007844
007845
007846
007847
007848
007849
007850
007851
007852
007853
007854
007855
007856
007857
007858
007859
007860
007861
007862
007863
007864
007865
007866
007867
007868
007869
007870
007871
007872
007873
007874
007875
007876
007877
007878
007879
007880
007881
007882
007883
007884
007885
007886
007887
007888
007889
007890
007891
007892
007893
007894
007895
007896
007897
007898
007899
007900
007901
007902
007903
007904
007905
007906
007907
007908
007909
007910
007911
007912
007913
007914
007915
007916
007917
007918
007919
007920
007921
007922
007923
007924
007925
007926
007927
007928
007929
007930
007931
007932
007933
007934
007935
007936
007937
007938
007939
007940
007941
007942
007943
007944
007945
007946
007947
007948
007949
007950
007951
007952
007953
007954
007955
007956
007957
007958
007959
007960
007961
007962
007963
007964
007965
007966
007967
007968
007969
007970
007971
007972
007973
007974
007975
007976
007977
007978
007979
007980
007981
007982
007983
007984
007985
007986
007987
007988
007989
007990
007991
007992
007993
007994
007995
007996
007997
007998
007999
008000
008001
008002
008003
008004
008005
008006
008007
008008
008009
008010
008011
008012
008013
008014
008015
008016
008017
008018
008019
008020
008021
008022
008023
008024
008025
008026
008027
008028
008029
008030
008031
008032
008033
008034
008035
008036
008037
008038
008039
008040
008041
008042
008043
008044
008045
008046
008047
008048
008049
008050
008051
008052
008053
008054
008055
008056
008057
008058
008059
008060
008061
008062
008063
008064
008065
008066
008067
008068
008069
008070
008071
008072
008073
008074
008075
008076
008077
008078
008079
008080
008081
008082
008083
008084
008085
008086
008087
008088
008089
008090
008091
008092
008093
008094
008095
008096
008097
008098
008099
008100
008101
008102
008103
008104
008105
008106
008107
008108
008109
008110
008111
008112
008113
008114
008115
008116
008117
008118
008119
008120
008121
008122
008123
008124
008125
008126
008127
008128
008129
008130
008131
008132
008133
008134
008135
008136
008137
008138
008139
008140
008141
008142
008143
008144
008145
008146
008147
008148
008149
008150
008151
008152
008153
008154
008155
008156
008157
008158
008159
008160
008161
008162
008163
008164
008165
008166
008167
008168
008169
008170
008171
008172
008173
008174
008175
008176
008177
008178
008179
008180
008181
008182
008183
008184
008185
008186
008187
008188
008189
008190
008191
008192
008193
008194
008195
008196
008197
008198
008199
008200
008201
008202
008203
008204
008205
008206
008207
008208
008209
008210
008211
008212
008213
008214
008215
008216
008217
008218
008219
008220
008221
008222
008223
008224
008225
008226
008227
008228
008229
008230
008231
008232
008233
008234
008235
008236
008237
008238
008239
008240
008241
008242
008243
008244
008245
008246
008247
008248
008249
008250
008251
008252
008253
008254
008255
008256
008257
008258
008259
008260
008261
008262
008263
008264
008265
008266
008267
008268
008269
008270
008271
008272
008273
008274
008275
008276
008277
008278
008279
008280
008281
008282
008283
008284
008285
008286
008287
008288
008289
008290
008291
008292
008293
008294
008295
008296
008297
008298
008299
008300
008301
008302
008303
008304
008305
008306
008307
008308
008309
008310
008311
008312
008313
008314
008315
008316
008317
008318
008319
008320
008321
008322
008323
008324
008325
008326
008327
008328
008329
008330
008331
008332
008333
008334
008335
008336
008337
008338
008339
008340
008341
008342
008343
008344
008345
008346
008347
008348
008349
008350
008351
008352
008353
008354
008355
008356
008357
008358
008359
008360
008361
008362
008363
008364
008365
008366
008367
008368
008369
008370
008371
008372
008373
008374
008375
008376
008377
008378
008379
008380
008381
008382
008383
008384
008385
008386
008387
008388
008389
008390
008391
008392
008393
008394
008395
008396
008397
008398
008399
008400
008401
008402
008403
008404
008405
008406
008407
008408
008409
008410
008411
008412
008413
008414
008415
008416
008417
008418
008419
008420
008421
008422
008423
008424
008425
008426
008427
008428
008429
008430
008431
008432
008433
008434
008435
008436
008437
008438
008439
008440
008441
008442
008443
008444
008445
008446
008447
008448
008449
008450
008451
008452
008453
008454
008455
008456
008457
008458
008459
008460
008461
008462
008463
008464
008465
008466
008467
008468
008469
008470
008471
008472
008473
008474
008475
008476
008477
008478
008479
008480
008481
008482
008483
008484
008485
008486
008487
008488
008489
008490
008491
008492
008493
008494
008495
008496
008497
008498
008499
008500
008501
008502
008503
008504
008505
008506
008507
008508
008509
008510
008511
008512
008513
008514
008515
008516
008517
008518
008519
008520
008521
008522
008523
008524
008525
008526
008527
008528
008529
008530
008531
008532
008533
008534
008535
008536
008537
008538
008539
008540
008541
008542
008543
008544
008545
008546
008547
008548
008549
008550
008551
008552
008553
008554
008555
008556
008557
008558
008559
008560
008561
008562
008563
008564
008565
008566
008567
008568
008569
008570
008571
008572
008573
008574
008575
008576
008577
008578
008579
008580
008581
008582
008583
008584
008585
008586
008587
008588
008589
008590
008591
008592
008593
008594
008595
008596
008597
008598
008599
008600
008601
008602
008603
008604
008605
008606
008607
008608
008609
008610
008611
008612
008613
008614
008615
008616
008617
008618
008619
008620
008621
008622
008623
008624
008625
008626
008627
008628
008629
008630
008631
008632
008633
008634
008635
008636
008637
008638
008639
008640
008641
008642
008643
008644
008645
008646
008647
008648
008649
008650
008651
008652
008653
008654
008655
008656
008657
008658
008659
008660
008661
008662
008663
008664
008665
008666
008667
008668
008669
008670
008671
008672
008673
008674
008675
008676
008677
008678
008679
008680
008681
008682
008683
008684
008685
008686
008687
008688
008689
008690
008691
008692
008693
008694
008695
008696
008697
008698
008699
008700
008701
008702
008703
008704
008705
008706
008707
008708
008709
008710
008711
008712
008713
008714
008715
008716
008717
008718
008719
008720
008721
008722
008723
008724
008725
008726
008727
008728
008729
008730
008731
008732
008733
008734
008735
008736
008737
008738
008739
008740
008741
008742
008743
008744
008745
008746
008747
008748
008749
008750
008751
008752
008753
008754
008755
008756
008757
008758
008759
008760
008761
008762
008763
008764
008765
008766
008767
008768
008769
008770
008771
008772
008773
008774
008775
008776
008777
008778
008779
008780
008781
008782
008783
008784
008785
008786
008787
008788
008789
008790
008791
008792
008793
008794
008795
008796
008797
008798
008799
008800
008801
008802
008803
008804
008805
008806
008807
008808
008809
008810
008811
008812
008813
008814
008815
008816
008817
008818
008819
008820
008821
008822
008823
008824
008825
008826
008827
008828
008829
008830
008831
008832
008833
008834
008835
008836
008837
008838
008839
008840
008841
008842
008843
008844
008845
008846
008847
008848
008849
008850
008851
008852
008853
008854
008855
008856
008857
008858
008859
008860
008861
008862
008863
008864
008865
008866
008867
008868
008869
008870
008871
008872
008873
008874
008875
008876
008877
008878
008879
008880
008881
008882
008883
008884
008885
008886
008887
008888
008889
008890
008891
008892
008893
008894
008895
008896
008897
008898
008899
008900
008901
008902
008903
008904
008905
008906
008907
008908
008909
008910
008911
008912
008913
008914
008915
008916
008917
008918
008919
008920
008921
008922
008923
008924
008925
008926
008927
008928
008929
008930
008931
008932
008933
008934
008935
008936
008937
008938
008939
008940
008941
008942
008943
008944
008945
008946
008947
008948
008949
008950
008951
008952
008953
008954
008955
008956
008957
008958
008959
008960
008961
008962
008963
008964
008965
008966
008967
008968
008969
008970
008971
008972
008973
008974
008975
008976
008977
008978
008979
008980
008981
008982
008983
008984
008985
008986
008987
008988
008989
008990
008991
008992
008993
008994
008995
008996
008997
008998
008999
009000
009001
009002
009003
009004
009005
009006
009007
009008
009009
009010
009011
009012
009013
009014
009015
009016
009017
009018
009019
009020
009021
009022
009023
009024
009025
009026
009027
009028
009029
009030
009031
009032
009033
009034
009035
009036
009037
009038
009039
009040
009041
009042
009043
009044
009045
009046
009047
009048
009049
009050
009051
009052
009053
009054
009055
009056
009057
009058
009059
009060
009061
009062
009063
009064
009065
009066
009067
009068
009069
009070
009071
009072
009073
009074
009075
009076
009077
009078
009079
009080
009081
009082
009083
009084
009085
009086
009087
009088
009089
009090
009091
009092
009093
009094
009095
009096
009097
009098
009099
009100
009101
009102
009103
009104
009105
009106
009107
009108
009109
009110
009111
009112
009113
009114
009115
009116
009117
009118
009119
009120
009121
009122
009123
009124
009125
009126
009127
009128
009129
009130
009131
009132
009133
009134
009135
009136
009137
009138
009139
009140
009141
009142
009143
009144
009145
009146
009147
009148
009149
009150
009151
009152
009153
009154
009155
009156
009157
009158
009159
009160
009161
009162
009163
009164
009165
009166
009167
009168
009169
009170
009171
009172
009173
009174
009175
009176
009177
009178
009179
009180
009181
009182
009183
009184
009185
009186
009187
009188
009189
009190
009191
009192
009193
009194
009195
009196
009197
009198
009199
009200
009201
009202
009203
009204
009205
009206
009207
009208
009209
009210
009211
009212
009213
009214
009215
009216
009217
009218
009219
009220
009221
009222
009223
009224
009225
009226
009227
009228
009229
009230
009231
009232
009233
009234
009235
009236
009237
009238
009239
009240
009241
009242
009243
009244
009245
009246
009247
009248
009249
009250
009251
009252
009253
009254
009255
009256
009257
009258
009259
009260
009261
009262
009263
009264
009265
009266
009267
009268
009269
009270
009271
009272
009273
009274
009275
009276
009277
009278
009279
009280
009281
009282
009283
009284
009285
009286
009287
009288
009289
009290
009291
009292
009293
009294
009295
009296
009297
009298
009299
009300
009301
009302
009303
009304
009305
009306
009307
009308
009309
009310
009311
009312
009313
009314
009315
009316
009317
009318
009319
009320
009321
009322
009323
009324
009325
009326
009327
009328
009329
009330
009331
009332
009333
009334
009335
009336
009337
009338
009339
009340
009341
009342
009343
009344
009345
009346
009347
009348
009349
009350
009351
009352
009353
009354
009355
009356
009357
009358
009359
009360
009361
009362
009363
009364
009365
009366
009367
009368
009369
009370
009371
009372
009373
009374
009375
009376
009377
009378
009379
009380
009381
009382
009383
009384
009385
009386
009387
009388
009389
009390
009391
009392
009393
009394
009395
009396
009397
009398
009399
009400
009401
009402
009403
009404
009405
009406
009407
009408
009409
009410
009411
009412
009413
009414
009415
009416
009417
009418
009419
009420
009421
009422
009423
009424
009425
009426
009427
009428
009429
009430
009431
009432
009433
009434
009435
009436
009437
009438
009439
009440
009441
009442
009443
009444
009445
009446
009447
009448
009449
009450
009451
009452
009453
009454
009455
009456
009457
009458
009459
009460
009461
009462
009463
009464
009465
009466
009467
009468
009469
009470
009471
009472
009473
009474
009475
009476
009477
009478
009479
009480
009481
009482
009483
009484
009485
009486
009487
009488
009489
009490
009491
009492
009493
009494
009495
009496
009497
009498
009499
009500
009501
009502
009503
009504
009505
009506
009507
009508
009509
009510
009511
009512
009513
009514
009515
009516
009517
009518
009519
009520
009521
009522
009523
009524
009525
009526
009527
009528
009529
009530
009531
009532
009533
009534
009535
009536
009537
009538
009539
009540
009541
009542
009543
009544
009545
009546
009547
009548
009549
009550
009551
009552
009553
009554
009555
009556
009557
009558
009559
009560
009561
009562
009563
009564
009565
009566
009567
009568
009569
009570
009571
009572
009573
009574
009575
009576
009577
009578
009579
009580
009581
009582
009583
009584
009585
009586
009587
009588
009589
009590
009591
009592
009593
009594
009595
009596
009597
009598
009599
009600
009601
009602
009603
009604
009605
009606
009607
009608
009609
009610
009611
009612
009613
009614
009615
009616
009617
009618
009619
009620
009621
009622
009623
009624
009625
009626
009627
009628
009629
009630
009631
009632
009633
009634
009635
009636
009637
009638
009639
009640
009641
009642
009643
009644
009645
009646
009647
009648
009649
009650
009651
009652
009653
009654
009655
009656
009657
009658
009659
009660
009661
009662
009663
009664
009665
009666
009667
009668
009669
009670
009671
009672
009673
009674
009675
009676
009677
009678
009679
009680
009681
009682
009683
009684
009685
009686
009687
009688
009689
009690
009691
009692
009693
009694
009695
009696
009697
009698
009699
009700
009701
009702
009703
009704
009705
009706
009707
009708
009709
009710
009711
009712
009713
009714
009715
009716
009717
009718
009719
009720
009721
009722
009723
009724
009725
009726
009727
009728
009729
009730
009731
009732
009733
009734
009735
009736
009737
009738
009739
009740
009741
009742
009743
009744
009745
009746
009747
009748
009749
009750
009751
009752
009753
009754
009755
009756
009757
009758
009759
009760
009761
009762
009763
009764
009765
009766
009767
009768
009769
009770
009771
009772
009773
009774
009775
009776
009777
009778
009779
009780
009781
009782
009783
009784
009785
009786
009787
009788
009789
009790
009791
009792
009793
009794
009795
009796
009797
009798
009799
009800
009801
009802
009803
009804
009805
009806
009807
009808
009809
009810
009811
009812
009813
009814
009815
009816
009817
009818
009819
009820
009821
009822
009823
009824
009825
009826
009827
009828
009829
009830
009831
009832
009833
009834
009835
009836
009837
009838
009839
009840
009841
009842
009843
009844
009845
009846
009847
009848
009849
009850
009851
009852
009853
009854
009855
009856
009857
009858
009859
009860
009861
009862
009863
009864
009865
009866
009867
009868
009869
009870
009871
009872
009873
009874
009875
009876
009877
009878
009879
009880
009881
009882
009883
009884
009885
009886
009887
009888
009889
009890
009891
009892
009893
009894
009895
009896
009897
009898
009899
009900
009901
009902
009903
009904
009905
009906
009907
009908
009909
009910
009911
009912
009913
009914
009915
009916
009917
009918
009919
009920
009921
009922
009923
009924
009925
009926
009927
009928
009929
009930
009931
009932
009933
009934
009935
009936
009937
009938
009939
009940
009941
009942
009943
009944
009945
009946
009947
009948
009949
009950
009951
009952
009953
009954
009955
009956
009957
009958
009959
009960
009961
009962
009963
009964
009965
009966
009967
009968
009969
009970
009971
009972
009973
009974
009975
009976
009977
009978
009979
009980
009981
009982
009983
009984
009985
009986
009987
009988
009989
009990
009991
009992
009993
009994
009995
009996
009997
009998
009999
010000
010001
010002
010003
010004
010005
010006
010007
010008
010009
010010
010011
010012
010013
010014
010015
010016
010017
010018
010019
010020
010021
010022
010023
010024
010025
010026
010027
010028
010029
010030
010031
010032
010033
010034
010035
010036
010037
010038
010039
010040
010041
010042
010043
010044
010045
010046
010047
010048
010049
010050
010051
010052
010053
010054
010055
010056
010057
010058
010059
010060
010061
010062
010063
010064
010065
010066
010067
010068
010069
010070
010071
010072
010073
010074
010075
010076
010077
010078
010079
010080
010081
010082
010083
010084
010085
010086
010087
010088
010089
010090
010091
010092
010093
010094
010095
010096
010097
010098
010099
010100
010101
010102
010103
010104
010105
010106
010107
010108
010109
010110
010111
010112
010113
010114
010115
010116
010117
010118
010119
010120
010121
010122
010123
010124
010125
010126
010127
010128
010129
010130
010131
010132
010133
010134
010135
010136
010137
010138
010139
010140
010141
010142
010143
010144
010145
010146
010147
010148
010149
010150
010151
010152
010153
010154
010155
010156
010157
010158
010159
010160
010161
010162
010163
010164
010165
010166
010167
010168
010169
010170
010171
010172
010173
010174
010175
010176
010177
010178
010179
010180
010181
010182
010183
010184
010185
010186
010187
010188
010189
010190
010191
010192
010193
010194
010195
010196
010197
010198
010199
010200
010201
010202
010203
010204
010205
010206
010207
010208
010209
010210
010211
010212
010213
010214
010215
010216
010217
010218
010219
010220
010221
010222
010223
010224
010225
010226
010227
010228
010229
010230
010231
010232
010233
010234
010235
010236
010237
010238
010239
010240
010241
010242
010243
010244
010245
010246
010247
010248
010249
010250
010251
010252
010253
010254
010255
010256
010257
010258
010259
010260
010261
010262
010263
010264
010265
010266
010267
010268
010269
010270
010271
010272
010273
010274
010275
010276
010277
010278
010279
010280
010281
010282
010283
010284
010285
010286
010287
010288
010289
010290
010291
010292
010293
010294
010295
010296
010297
010298
010299
010300
010301
010302
010303
010304
010305
010306
010307
010308
010309
010310
010311
010312
010313
010314
010315
010316
010317
010318
010319
010320
010321
010322
010323
010324
010325
010326
010327
010328
010329
010330
010331
010332
010333
010334
010335
